100
5
0 0
10 0
10 10
0 10
5 5
15
26607 -113403
346074 777512
-694454 -994243
-629412 -720693
-229262 957496
-513960 -294781
35951 173808
-223873 -317902
-559786 445024
-129677 -50689
195239 487876
-48942 932645
306117 386444
819532 -811961
-611546 -523592
7
277051 62477
823070 -342147
877965 -199271
377786 -828383
-289697 -662225
271152 453519
-223647 42613
10
-435710 233452
-573419 817219
-752645 -180809
5288 233972
513292 513292
815615 874240
798608 798608
363279 568684
-356844 -356844
-367654 701976
15
450313 1000000
-933211 1000000
959105 1000000
33248 1000000
10630 1000000
-541329 1000000
-803829 1000000
658707 1000000
-775919 1000000
-300559 1000000
-770592 1000000
-703203 1000000
-729465 1000000
-475207 1000000
632859 1000000
12
989069 451276
250260 -166840
-887315 717423
322221 -108554
766607 -10898
-80754 53836
611178 -407452
956552 414862
619359 -353450
-217746 145164
45640 439500
87162 -58108
11
568057 -438689
-568424 603526
-116075 888945
858153 -900145
-212928 -554909
683407 774707
699029 416665
-501051 -952981
745523 330927
431517 -424941
-137200 53336
15
753307 -490200
-68824 681013
977572 571502
642583 -993868
674733 -380443
-781201 566457
599306 664697
56732 261793
148367 282859
981898 -448090
967429 281420
479894 629585
-507422 606530
121796 419868
-473621 -896188
10
-972813 300857
-57640 1000000
-565560 1000000
-620523 685947
-996731 -585126
89602 913725
-386786 -554773
26493 708184
963274 790667
678662 435065
15
932273 147077
-274874 -590576
92027 -160945
-837694 887720
212830 435244
478167 800186
919280 -249735
80294 118162
262913 962968
-681215 423676
-43573 527438
692556 -933155
107880 308478
-516592 719732
792002 30234
6
799577 494471
440847 -97966
531261 -118058
199017 -44226
-144999 32222
735513 488313
15
-846925 287010
451729 -877201
413608 -906932
174040 135344
-479247 -701730
701519 -388981
-162661 198911
541251 107247
788199 857971
-375709 -843698
747148 -608522
-916689 468773
-102385 910883
556249 -673960
326850 172278
10
471688 -290873
-149242 -747988
-509557 -292994
-161458 -318449
-736690 -415131
684185 -919788
114485 -290873
-270009 -871079
-55183 -471427
-871736 -491464
15
-511336 399770
-791954 807738
991036 10961
594751 -883112
-654057 -386885
288821 32184
888933 527459
-272784 -85010
-617381 290397
-222811 728900
804032 898522
-283873 238032
-395411 102887
27318 456720
690372 -335933
1
-331450 -1000000
15
-765677 172344
-621009 -176029
-528437 990278
-537236 -741591
-788477 784133
634687 -580591
-142314 -713202
-244509 -101608
-245257 840109
496588 -982813
849889 -495659
-645255 -17820
-571677 -593087
903556 -534131
409164 -181948
3
871927 771369
-422465 223299
59066 -8438
2
-742300 148460
-273050 54610
3
-27513 -73368
324624 865664
19236 51296
15
-342035 -553163
-350498 933206
98553 -596114
153932 535439
-200243 -597768
-645434 429215
986257 298106
-394235 151136
738307 -297824
-967906 -515689
941556 -127707
-963155 -772364
-324258 540323
428997 -426618
-315348 -141119
1
697708 536359
15
-615428 10736
713813 -781852
-689101 282989
283699 -706877
431666 -971196
-325822 -431767
182264 132701
-530817 100394
-812748 736642
148081 808191
345558 510798
620922 -505867
559061 -191366
-342955 -653682
-12265 -849716
15
560342 575116
-875112 587596
543551 301185
853590 -57464
-19201 -732071
606750 -193441
-42454 -720345
15861 -335931
-315758 841814
-149650 -127604
-145785 -230606
415375 911882
-721483 594564
68190 -696629
214945 11745
15
-58887 947574
256665 947574
648656 947574
120431 947574
950678 947574
-588620 947574
863606 947574
736857 947574
-764069 947574
-375557 947574
927924 947574
-939383 947574
452669 947574
897933 947574
-83491 947574
1
-281176 -632646
15
-364193 734433
731188 -503015
-890990 -495853
-911224 544995
-632878 -704462
92173 564113
145743 -59254
-307433 631799
-967816 -172465
-358060 589335
-319505 419941
30448 -822768
238000 -198671
394502 -995361
-702116 -202007
13
909225 -700249
-17898 -786944
-177237 -879273
987531 806343
-646794 -892014
248022 929033
-603484 -614727
614153 558176
877132 -736128
-207029 -903846
55510 -201576
-293114 -339483
604499 344668
12
479583 351150
795559 602482
788123 469937
-12598 -154933
-956130 94825
46012 -859233
275962 4037
-326292 -688987
726932 56895
638018 -317544
-472844 512727
-749911 232203
4
-272116 -728524
775573 -700182
-272116 -548865
-272116 114819
15
745617 626623
-454256 516299
-135269 -263959
16262 439786
829235 -468835
545690 -526681
26782 430935
-862690 -132854
-284131 456546
631708 476183
-914003 -53577
-14295 -683299
935361 -295469
-796610 -441854
48476 729011
14
-38920 -80397
758921 -80397
444303 -80397
528548 -80397
-89519 -80397
476721 -80397
-253947 -80397
157631 -80397
-219363 -80397
-837187 -80397
-846078 -80397
-223506 -80397
-281588 -80397
303586 -80397
12
-472325 52071
341523 -526426
760786 -722157
-819448 -243190
585721 987454
698223 993929
-741724 550278
-600259 403524
531547 -510806
721728 -449321
-204914 885459
-799034 609199
8
-764978 -136619
941620 -6879
640071 166481
368006 72799
-463641 -911805
686321 -931728
-430744 195004
631946 -110555
12
322271 749860
-230476 72039
66326 -645410
-156854 187253
-162664 -85939
305828 679488
-121992 954741
-103335 143014
261336 -295792
52631 -995917
-672110 889261
788455 583403
15
52571 -312043
292703 -637048
-315866 511674
382122 51303
989168 -531384
-303397 -99085
-117797 -974889
760659 395800
-785339 -674945
-535839 -970671
863938 -961446
303169 205931
-118607 -286615
-21147 453434
-303216 -358416
6
-807295 -129033
100867 -198749
642257 488737
-121578 -198749
-922334 683925
84078 290854
15
573985 -176624
-922316 -589638
129895 -428606
-60749 932808
881923 957276
252988 -396577
584013 -632332
-528829 -985405
580370 -602315
112319 -570130
-448328 -294317
251960 -341973
531628 -656406
829351 130381
-894288 859282
2
329937 572356
-834627 -893654
2
-452754 722717
630135 146908
1
-457543 -668643
15
-96597 -371948
-141194 -497692
435692 329394
-360285 351843
646865 -992530
-221785 -656301
278985 -705254
-288098 847500
922419 -20741
153143 -768258
-401703 -630185
755961 283621
-164541 -74678
-116152 -972383
154214 -944581
11
-957656 -927112
516655 -927112
491187 -927112
-256297 -927112
214211 -927112
595722 -927112
209637 -927112
327036 -927112
-387626 -927112
-154537 -927112
52700 -927112
14
-223563 313310
995408 -915326
754958 -587676
942164 -815283
-805645 514310
517567 926456
-831970 941815
-825864 287808
-35123 679988
208569 -80420
-906290 93153
273317 948551
-131008 418923
791745 771424
9
-866580 -366879
-866580 -541004
-866580 -366313
-866580 -16558
-866580 748717
-866580 476413
-866580 732978
-866580 -703870
-866580 -107028
14
-845663 250250
371730 -1000000
832080 -1000000
290565 296225
-848021 -634089
684032 -1000000
877225 -1000000
426305 -748300
706546 270697
-479350 -725151
-458955 -1000000
635656 434485
-28225 -454110
70579 -1000000
15
501763 159218
-306551 -837186
-504139 -74177
-863095 60811
-891774 212250
579833 168774
533155 -409401
423612 42502
581769 -844505
457436 667816
500863 -232395
-795209 486800
876445 -888972
-968052 393025
176765 567548
13
-610889 -682300
-767020 -797783
608698 -511047
903145 -798098
-101769 825552
382723 -158927
75068 165172
-260121 -4099
111981 -438763
-746668 -941108
369214 -752688
475858 -387418
622432 111756
10
188448 -125632
-1662 1108
-862320 574880
211169 706120
654036 -12273
-470877 863792
533724 -355816
-509634 339756
617439 130509
-39216 26144
13
167560 -992308
-481085 -275221
-853731 122566
692287 307637
-416578 955861
983983 112774
641 -716089
-319591 -393811
601579 -570090
866058 -30675
-128375 752126
127561 -252682
852855 -970447
6
389167 946960
-720738 -343566
717230 60402
-367007 -250385
-267512 856657
686391 -623480
9
-122622 -153391
489657 279804
63763 36436
940544 -750749
-451528 -258016
372674 -509012
-908425 -519100
-274365 -156780
715176 408672
15
767239 349231
615845 -787814
188021 400580
-697138 -370465
-630522 -873880
-156098 581165
516427 -706697
-914075 396659
-562421 -527091
795971 289639
765335 422285
-899369 -872242
-261846 -748779
-104224 -190637
-613342 223139
5
-325673 -319144
-962494 587109
-620744 325411
-650777 149986
377811 730950
13
-113900 501084
25853 -1000000
-291770 -126383
159902 692327
565285 -1000000
918315 20074
-546899 39954
701899 101975
266075 -1000000
-88773 -753198
33437 -796405
-137109 -1000000
-67322 -1000000
9
-166264 -1000000
284795 -1000000
457986 -1000000
-271238 -1000000
687968 -1000000
381214 -1000000
876428 -1000000
996944 -1000000
-467504 -1000000
15
927189 -730444
972573 -251873
835410 723690
458748 987506
843291 620917
742875 543301
-554 -701996
564647 487244
279273 645640
-168552 252337
-196519 471985
654687 -625737
-40417 -911021
-720390 326474
-697087 -828243
4
580332 -718306
-768575 254230
-322783 -225113
-267614 230544
1
-648096 81012
13
-577276 164936
17766 -5076
585781 -167366
694526 -198436
6776 -1936
759654 -217044
-66269 18934
890232 -254352
-77882 22252
990997 -283142
-663320 189520
278446 -79556
503993 -143998
15
733741 -619273
367833 643428
-579471 -415728
791992 -955441
224543 -424870
-969394 -489544
497177 66645
525048 950740
-796394 458363
474769 74266
-875383 252653
-521509 791620
-787443 506799
-628167 94667
-608916 198756
15
766924 -960832
-39692 -291148
803092 287865
-929181 -269697
-763126 194899
-200746 954071
-691650 -883081
-949489 -296736
718905 -257853
-499283 754771
-384685 -870502
986346 -382567
-165674 -605639
336424 734121
807732 66280
1
-144181 -675113
10
604755 101274
651918 -209119
-631478 101274
225058 -998321
-966246 101274
-939146 -365542
-116078 101274
-527718 101274
-495816 101274
-824549 101274
6
948652 -1000000
120038 -1000000
-914494 -1000000
-200036 -1000000
-783037 -1000000
-463328 -1000000
8
741672 -928758
-997858 -730784
-761845 989760
-286381 -828579
658096 -495038
-176868 324680
-522644 898379
-27480 252144
15
-354891 -549914
-62401 -506218
123957 -750198
-309336 -623734
773938 -36747
949463 -816362
-793606 698653
918254 -645498
-845042 -863859
-177090 550709
-541348 155161
-973585 115115
636992 574269
264271 394318
-904848 254489
15
-731032 541269
129066 262202
476937 32861
761917 82565
392803 -489275
928606 500870
137064 78766
441094 -922316
-476855 973787
-1306 -331691
365591 -304442
-552354 -710533
-98774 683225
903299 193228
-10517 -765075
15
-948531 -722539
781873 -267239
-525280 -485796
283440 -784432
-482417 220656
306644 28203
-70260 -682127
-580708 852606
-621783 280653
-304346 897060
127585 106227
-231712 728825
-560104 624669
-558634 -400725
237935 -54666
2
742415 -563302
-130653 -677741
15
-981174 18539
-392094 212455
-984042 192370
277839 -652467
674182 385924
-847694 -888643
664564 -208551
525943 974462
390756 -759775
628067 850680
-872859 -202799
-536113 -564988
-306842 -682146
609613 -260604
221201 -27662
9
-543314 607426
-440654 46015
-297244 636915
193500 852994
190099 -131280
-120498 426637
-928172 -789863
871134 -703828
884783 708513
7
-639990 533325
25152 -20960
379332 -316110
-566856 472380
193518 -161265
913056 -760880
344136 -286780
12
945846 472923
203766 101883
128520 64260
771227 -873006
31921 -900516
-322430 -161215
-771488 -385744
305344 152672
947369 -478716
145570 43127
-726798 -437745
-602607 -628398
15
-725946 514189
-565536 -208246
-484322 33749
-244316 -992549
823148 821645
-871251 -255835
48205 217439
-701205 -250776
884776 -640519
337468 986951
-139011 -574152
959380 -200229
807825 541574
124725 126549
-541072 702630
5
-418306 -200856
-512363 -200856
-194842 -200856
-39032 -200856
805697 -200856
15
475782 353838
-446068 -124540
781665 -683678
962741 603372
-231963 -709103
-799683 815843
977668 538131
316356 -349297
-471240 -875113
-502756 -233195
717987 -598400
391491 86621
-858635 837149
860848 400202
87387 269301
12
1000000 377097
948665 -908027
-193315 68174
-640452 746763
1000000 408357
1000000 -317380
-214629 520147
1000000 733739
1000000 -573296
454292 309664
1000000 639118
1000000 635458
15
-377203 -420545
-822379 13380
632793 423385
-299693 -244191
-497547 113295
413424 -42252
311517 -446799
-754828 -314569
-391242 162526
701151 207755
426917 344866
708946 902302
-54727 -808644
-564740 -373436
-825019 -536985
13
-184452 -260923
32550 -260923
-388360 -260923
-831148 -260923
-363934 -260923
942700 -260923
-932211 -260923
-207271 -260923
150668 -260923
152815 -260923
620967 -260923
15541 -260923
261362 -260923
13
-79685 -956777
-619208 780320
897672 -610785
-733567 -956777
653665 -956777
-905506 203679
-551370 -956777
199737 -956777
314609 -892989
-704755 -956777
295036 624559
460126 -956777
-975924 542747
8
-562217 360779
194009 -423252
-228593 622928
-699383 -115956
-409476 151554
-847439 -88937
517565 -62822
161084 899403
10
-607330 -607330
-610910 -610910
-104626 -104626
-387364 -387364
-698052 -698052
46928 46928
235444 235444
760854 760854
733430 733430
94736 94736
3
-913219 -1000000
298300 -1000000
-625201 -1000000
6
1000000 -817267
1000000 -785863
1000000 455175
1000000 -920458
1000000 353564
1000000 -398300
13
830539 -218238
279617 675688
530704 675688
401439 -188273
836013 675688
744215 675688
411527 675688
602254 579163
974558 26590
290143 675688
-215792 -643638
989451 675688
414151 -570991
7
-408259 632298
-924519 479060
-804562 417853
-814293 -423547
-529975 547284
-570245 604328
-287996 -359995
14
770035 -616028
590045 550525
-867410 693928
566980 -453584
-972967 788589
-235940 188752
-188407 770886
937068 -338674
-459050 367240
494660 -143695
-802728 671102
-877395 701916
970155 -83691
-69667 544735
3
-482376 1000000
-120183 1000000
-23134 1000000
9
1000000 771947
1000000 478969
465760 44303
655789 646822
1000000 -477237
1000000 957270
569359 -984202
1000000 -462126
1000000 233105
10
-599873 951577
-591278 659738
-713786 -914485
761625 -216125
-141986 -900284
-143428 -11115
174922 -609579
-326681 -308879
-529868 -992250
490350 294483
12
775700 502505
548955 755422
27106 -741502
-866104 -157247
-46921 -914116
-573119 941208
-596778 -765751
389459 -831900
-909283 285728
-21421 936426
-541112 947933
-515864 -395058
3
-973080 507590
412194 -1000000
4188 -761886
5
819593 -986820
192840 -310379
589098 -1000000
513182 -311725
-664330 -914880
1
-602256 -180176
3
-636290 -127258
321080 64216
-738360 -147672
3
-280322 1000000
302427 717140
95126 -422481
1
1000000 -8728
7
699209 -554936
473330 6567
325391 994076
821353 355490
-308210 483334
-482859 -102695
-857299 -588835
14
-781302 -194573
371425 -86052
-901797 617809
873666 -276389
69749 886829
-608807 -930425
381005 -480251
-87495 -385689
274798 -983134
746834 515811
-247098 -73575
494887 -289931
-869433 -286193
-563161 -617503
9
141551 -716014
141551 -193034
141551 -284645
733430 -570258
141551 608775
141551 819925
632724 801764
141551 4889
141551 505547
