100
2 4
10 5
3 12
7 7 7
3 12
4 2 1
5 1000000000
25 25 25 25 25
2 2
1 1
5 5
1 1 1 1 1
5 448257424
1 2 3 4 5
5 915742169
18 7 21 11 25
5 991943026
9 9 9 9 9
5 270871052
21 21 21 21 21
5 703031076
19 19 19 19 19
5 100071121
23 23 23 23 23
5 550146064
15 15 15 15 15
5 42413654
19 19 19 19 19
5 393716078
15 15 15 15 15
5 160764040
20 20 20 20 20
5 325286091
7 7 7 7 7
5 644404642
9 9 9 9 9
5 15798885
14 14 14 14 14
5 730762919
3 3 3 3 3
5 272563267
13 13 13 13 13
5 533538047
21 21 21 21 21
5 665469134
19 19 19 19 19
5 290517450
5 5 5 5 5
5 935853168
13 13 13 13 13
5 829698967
15 15 15 15 15
5 366957100
6 6 6 6 6
5 481956759
16 16 16 16 16
5 738284241
14 14 14 14 14
5 820807951
19 19 19 19 19
5 32774444
21 21 21 21 21
5 189504053
13 13 13 13 13
5 613913875
19 19 19 19 19
5 285715712
1 2 3 4 5
5 432221852
1 2 3 4 5
5 787237853
1 2 3 4 5
5 446245139
1 2 3 4 5
5 85329018
1 2 3 4 5
5 959868230
1 2 3 4 5
5 637440165
1 2 3 4 5
5 395668293
1 2 3 4 5
5 989281504
1 2 3 4 5
5 152971634
1 2 3 4 5
5 644614220
1 2 3 4 5
5 333301932
1 2 3 4 5
5 300141743
1 2 3 4 5
5 396156223
1 2 3 4 5
5 468723382
1 2 3 4 5
5 883430724
1 2 3 4 5
5 440730362
1 2 3 4 5
5 214752300
1 2 3 4 5
5 597152903
1 2 3 4 5
5 248207703
1 2 3 4 5
5 366156724
1 2 3 4 5
5 237612890
1 2 3 4 5
5 574528237
1 2 3 4 5
5 18674123
1 2 3 4 5
5 313398012
1 2 3 4 5
5 327604566
12 24 18 4 18
5 968235927
20 3 25 5 17
5 942117614
4 12 17 3 3
5 728831218
25 7 15 7 18
5 299840739
20 4 18 24 18
5 315337332
11 14 10 17 24
5 158008718
15 6 11 25 1
5 103779608
9 23 24 19 23
5 381461068
20 14 21 8 3
5 34123079
5 21 20 15 9
5 776774825
11 10 23 4 23
5 677075623
16 6 15 5 20
5 194611376
8 1 5 16 25
5 875254691
24 24 18 20 6
5 153727282
1 4 14 16 18
5 35178260
12 14 3 3 10
5 594472170
6 18 15 8 7
5 856275773
6 1 4 7 3
5 224755725
14 24 2 25 9
5 611236850
20 9 7 5 9
5 625594827
6 15 5 1 16
5 655775585
1 7 10 19 9
5 542973978
9 11 21 7 6
5 875478736
12 3 5 22 9
5 163061423
14 12 6 1 13
5 805862218
11 23 20 25 8
5 753002273
8 2 18 15 11
5 343373548
25 16 19 6 18
5 377013482
9 12 9 21 15
5 906710045
10 6 18 25 22
5 328842291
5 9 21 14 4
5 610667237
4 23 8 7 5
5 7283197
7 16 9 17 17
5 701840381
3 17 2 8 4
5 254009353
20 4 3 1 18
5 841494726
1 15 6 8 10
5 956006128
14 17 1 5 25
5 750430393
21 6 8 10 23
5 302926321
16 10 15 3 11
5 799442169
4 17 5 2 9
5 692553447
16 3 21 6 5
5 765978651
4 21 6 16 23
