100
5 2 9
1 15 15
15 1 0
1 16 16
1 15 6
3 5 4
5 3 4
9 1 6
5 3 14
2 8 13
2 3 2
16 1 9
3 3 5
1 15 0
1 16 1
5 3 9
6 2 10
15 1 8
5 3 11
14 1 8
2 7 11
5 2 6
1 1 1
5 3 15
7 2 12
5 3 8
5 3 7
3 2 3
16 1 8
3 3 0
4 2 6
7 2 8
1 16 8
3 5 14
8 2 16
3 5 7
4 4 7
6 2 1
4 2 4
3 5 0
16 1 7
2 4 1
15 1 7
1 16 7
3 2 5
5 3 12
3 5 3
16 1 16
16 1 1
3 5 9
3 5 2
4 2 8
8 2 11
3 5 12
2 6 11
5 3 0
5 2 8
2 7 12
3 5 8
2 8 7
1 15 7
1 15 1
5 3 10
1 9 6
5 3 13
3 5 15
3 5 13
7 2 9
3 5 11
1 16 0
5 3 5
4 3 12
1 16 9
3 5 5
15 1 6
1 15 8
5 3 1
3 5 1
3 4 12
5 3 2
9 1 2
1 1 0
15 1 1
2 6 9
3 3 8
1 10 5
2 4 2
4 4 8
4 4 1
3 5 10
4 4 9
5 3 3
2 8 11
3 5 6
15 1 15
8 1 5
5 3 6
4 4 0
4 4 16
16 1 0
