20
686 595 72
20
484 559 115
352 42 892
44 674 953
686 616 366
992 981 409
421 30 197
744 359 16
716 150 327
50 518 235
207 212 177
20 430 588
551 690 970
25 238 408
44 14 140
68 708 337
235 952 283
68 851 120
21 790 505
275 336 987
131 552 16
861 317 892
20
18 145 886
649 860 629
155 836 119
430 13 420
712 461 982
92 604 10
304 69 68
128 30 814
138 217 726
76 17 255
332 399 820
256 366 30
907 304 186
76 49 439
796 289 273
16 515 355
10 10 223
596 355 758
429 218 10
573 213 10
828 683 564
20
526 612 937
85 194 532
729 56 190
29 46 518
363 18 134
60 741 529
321 353 874
90 376 71
11 391 83
52 179 772
832 292 690
524 434 459
571 38 10
32 415 58
96 352 802
47 848 436
980 73 621
174 60 10
60 339 250
64 39 423
708 39 464
20
691 490 32
10 10 785
130 230 92
83 66 217
30 106 576
10 734 108
70 193 173
501 467 154
873 696 10
259 285 183
205 26 423
10 100 10
544 920 63
357 856 93
503 13 41
372 62 393
438 181 35
877 369 662
636 897 273
23 987 807
291 999 572
20
514 631 123
688 547 135
822 542 52
95 22 100
25 100 384
28 174 413
37 474 15
702 511 465
10 26 742
616 863 74
815 850 707
364 10 563
48 43 225
725 75 62
991 270 100
26 131 867
168 803 59
289 408 23
70 54 234
459 876 640
397 405 835
20
335 775 229
103 640 993
166 43 570
560 10 113
59 73 39
358 11 741
63 342 886
116 284 622
415 788 10
126 100 45
23 606 19
719 107 160
13 328 856
111 51 451
12 32 22
755 620 357
10 685 618
434 49 261
615 10 943
66 535 921
601 522 597
20
107 130 377
48 878 702
250 217 15
102 122 80
271 229 510
72 30 15
422 124 414
784 295 10
550 564 649
359 792 57
95 12 248
112 270 247
446 281 64
11 379 328
918 147 824
187 156 112
114 28 482
16 809 83
19 64 123
701 48 25
740 805 935
20
671 884 37
365 527 774
619 185 48
333 125 542
355 739 513
299 249 12
238 247 668
10 365 122
15 744 212
992 709 806
20 368 520
889 217 399
528 547 355
314 24 215
130 363 807
441 556 923
477 124 172
528 95 447
389 129 289
36 12 620
826 133 225
20
109 598 886
630 811 280
463 241 444
101 746 10
14 847 927
45 742 961
10 720 111
800 773 320
391 13 234
594 21 99
232 112 126
304 965 351
907 46 310
189 40 168
39 80 443
234 29 846
647 40 56
307 66 548
407 93 878
848 15 186
382 993 459
20
917 103 568
776 500 372
18 900 13
92 367 16
803 755 414
94 321 521
746 421 216
313 321 18
628 147 561
451 65 898
747 179 336
249 37 590
397 166 431
248 550 433
42 76 10
94 56 10
353 963 11
307 821 100
29 994 478
588 35 454
734 644 887
20
676 968 23
946 215 329
122 851 31
219 99 845
311 57 422
229 117 452
114 78 48
329 388 63
855 924 12
335 774 659
463 361 424
308 947 550
191 252 239
10 245 760
133 369 824
860 193 530
10 485 782
487 197 15
852 61 373
118 426 365
771 534 961
20
291 72 444
15 249 256
192 25 311
325 131 10
66 10 67
969 135 19
360 43 129
187 104 756
105 226 694
179 41 837
359 762 422
278 241 278
534 53 29
314 123 740
820 299 60
562 920 100
17 16 211
11 64 16
125 562 929
661 269 546
861 761 436
20
53 70 126
176 143 95
758 312 907
409 183 29
887 63 355
781 941 21
235 192 358
43 20 93
106 138 551
196 10 576
195 875 263
213 449 401
639 73 934
655 222 98
53 71 141
537 976 662
669 26 11
294 729 93
436 17 15
246 341 467
100 100 100
3
10 10 40
10 30 10
10 60 50
985 848 926
20
179 356 12
44 490 297
126 181 58
55 225 110
321 99 486
115 70 171
602 187 844
391 11 188
53 76 203
29 374 307
78 959 34
182 24 828
318 296 43
244 72 530
161 730 76
751 808 296
487 54 106
857 36 588
231 12 118
291 62 35
212 742 882
20
60 808 88
705 10 132
473 456 113
599 186 220
182 932 34
31 10 719
132 843 813
383 223 950
326 68 61
909 564 74
32 175 784
305 20 62
280 193 919
746 96 441
97 209 10
315 989 764
320 37 281
773 852 44
11 920 679
371 540 596
905 801 686
20
96 702 733
255 767 766
813 66 80
561 418 216
37 778 95
765 818 433
869 761 45
270 635 304
623 356 44
871 407 13
12 303 607
972 148 951
374 280 16
179 191 583
38 552 19
22 91 66
243 981 10
13 171 864
91 11 129
168 728 757
393 821 883
20
389 586 269
363 927 476
156 65 852
92 924 146
40 332 572
205 135 101
69 62 351
156 849 10
35 18 438
355 39 774
478 477 442
59 744 795
188 213 136
11 712 410
703 728 365
91 960 333
36 157 517
880 71 23
253 46 520
924 39 79
401 536 646
20
706 58 262
48 13 296
716 181 182
73 362 146
42 629 451
74 37 13
61 486 435
742 480 405
353 14 54
166 119 607
14 408 181
12 425 17
121 661 194
327 499 633
11 234 103
14 624 86
114 491 84
482 610 88
15 19 722
11 293 688
100 100 100
1
100 100 100
