100
4
10 5 15 5
2
100 100
8
81 81 81 81 81 81 81 0
6
23 90 40 0 100 9
2
0 0
10
100 0 100 0 100 0 100 0 100 0
10
100 100 100 100 100 100 100 100 100 0
5
8 21 62 99 33
6
43 66 47 80 27 9
7
72 42 65 90 38 62 39
8
25 11 80 94 83 98 37 75
9
80 53 67 34 60 84 48 53 65
10
69 33 79 71 20 87 74 48 66 71
10
24 96 80 26 1 66 82 41 47 68
10
76 70 74 28 4 25 69 12 62 85
10
94 97 99 53 19 61 32 91 0 13
10
23 53 39 74 1 49 79 7 31 55
10
27 90 7 58 66 21 80 98 95 1
10
56 12 63 71 6 42 73 55 3 42
10
19 99 58 45 57 85 9 50 48 91
10
59 47 5 20 85 33 72 27 70 71
10
65 15 55 35 64 84 2 47 19 6
10
94 33 63 17 65 94 70 2 64 3
10
26 8 6 7 17 31 64 5 22 39
10
14 25 47 34 68 82 17 62 81 57
10
67 84 82 35 54 7 22 5 67 61
10
87 16 20 89 37 21 36 97 96 49
10
65 8 62 54 76 69 93 21 39 36
10
29 34 75 62 1 67 36 36 64 18
10
55 45 17 40 64 69 47 98 18 67
10
0 11 44 64 73 17 83 94 96 51
10
92 32 9 0 77 17 74 11 30 83
10
43 85 2 53 5 59 31 16 90 61
10
30 37 27 73 82 47 20 25 73 90
10
78 84 0 54 87 63 43 74 45 70
10
7 91 70 78 82 59 72 11 58 71
10
91 21 18 10 1 18 76 27 1 81
10
23 98 95 77 11 83 25 18 72 26
10
34 10 92 76 2 82 9 44 52 34
10
21 17 66 73 19 57 69 75 39 15
10
18 83 17 64 76 31 10 88 90 69
10
10 7 98 36 89 60 56 14 15 56
10
43 33 60 54 95 98 3 43 74 68
10
82 23 88 13 27 83 45 41 20 0
10
37 18 59 10 79 63 5 55 90 12
10
2 78 19 64 77 44 26 14 40 69
10
9 81 87 39 22 18 15 58 15 85
10
58 56 34 27 59 6 9 79 54 87
10
11 74 17 87 12 46 57 79 55 29
10
93 6 32 28 3 44 47 37 49 43
10
48 65 6 5 21 4 81 42 59 94
10
60 26 51 45 15 65 61 72 55 64
10
42 25 69 15 73 12 93 12 90 96
10
4 13 4 61 68 44 59 80 30 70
10
80 59 4 8 58 27 36 33 47 50
10
65 34 65 59 83 75 82 55 13 7
10
2 68 49 90 1 54 86 77 64 57
10
8 22 16 84 87 63 14 96 46 76
10
17 11 76 77 69 27 88 28 71 48
10
72 2 0 58 85 34 52 0 49 76
10
10 48 84 72 78 47 83 18 7 92
10
38 63 59 31 69 39 30 61 25 88
10
48 80 44 80 5 88 45 35 14 61
10
8 33 28 94 6 99 22 86 92 37
10
3 2 33 58 34 32 24 41 91 35
10
15 73 72 12 55 80 18 47 66 87
10
64 16 78 66 92 74 79 50 17 61
10
9 84 73 99 98 24 19 11 9 62
10
75 15 6 69 25 29 68 45 67 60
10
87 54 16 64 96 60 39 39 64 51
10
75 1 78 6 17 53 4 18 45 36
10
19 84 80 83 53 58 99 54 95 10
10
75 76 72 87 79 73 81 46 78 57
10
85 13 56 84 29 54 11 99 15 95
10
37 16 4 92 97 33 47 36 76 84
10
7 10 13 81 39 80 25 6 44 57
10
32 27 42 77 98 84 42 79 97 87
10
12 2 93 80 25 37 12 48 46 40
10
52 25 16 40 25 98 47 23 78 25
10
96 14 7 15 80 25 57 45 64 3
10
58 99 34 65 64 5 53 28 91 16
10
0 68 55 4 39 26 79 24 95 91
10
69 11 87 67 33 84 66 77 8 46
10
73 78 2 73 22 66 94 28 63 45
10
37 33 89 73 27 38 23 54 41 61
10
30 67 59 35 74 58 87 37 63 22
10
15 26 8 95 8 19 20 25 3 73
10
90 38 97 46 98 81 73 43 7 46
10
73 83 13 84 36 99 67 51 73 57
10
23 79 7 84 16 8 51 12 34 62
10
76 79 82 8 32 47 14 7 11 66
10
2 18 54 38 49 81 9 79 65 86
10
42 68 4 42 85 2 48 98 17 72
10
52 71 46 48 33 20 28 22 11 58
10
76 99 60 29 9 99 41 77 9 71
10
66 49 25 19 90 4 92 84 20 90
10
76 50 20 12 65 75 35 87 82 58
10
49 65 70 52 80 32 87 92 3 99
10
96 9 20 96 3 4 9 88 21 91
10
30 98 93 84 21 24 21 0 43 47
